kinematics:
  shoulder:
    x: 0
    y: 0
    z: 0.08894948510213202
    roll: -0
    pitch: 0
    yaw: 1.478109977232616e-05
  upper_arm:
    x: 0.0001642226247416332
    y: 0
    z: 0
    roll: 1.570461916794099
    pitch: 0
    yaw: -5.847465309191195e-05
  forearm:
    x: -0.4247975497466079
    y: 0
    z: 0
    roll: 3.140837134252347
    pitch: -3.141179038076877
    yaw: 3.141584962898923
  wrist_1:
    x: -0.3920111772865821
    y: 0.001699428931979058
    z: 0.1102242689830318
    roll: 3.12617595535716
    pitch: 3.13998436523294
    yaw: 3.141515801605723
  wrist_2:
    x: 6.745416568316842e-05
    y: -0.09487752668962945
    z: 2.741950925366042e-06
    roll: 1.570767426896045
    pitch: 0
    yaw: 3.322339806407827e-05
  wrist_3:
    x: 3.535081687715441e-05
    y: 0.08250947330917532
    z: 4.848800573565982e-07
    roll: 1.57080220345412
    pitch: 3.141592653589793
    yaw: -3.141526105877026
  hash: calib_13223346845125753294